0.76,-1
0.76,-0.1596
0.7596,-0.158676
0.7591,-0.158361
0.7587,-0.158487
0.7579,-0.157479
0.7572,-0.157542
0.7564,-0.157164
0.755,-0.15561
0.7538,-0.155778
0.7519,-0.153909
0.7496,-0.152586
0.7479,-0.153489
0.7442,-0.148512
0.7421,-0.151431
0.7399,-0.150759
0.7362,-0.146832
0.7322,-0.145362
0.7294,-0.147294
0.7247,-0.142317
0.7214,-0.144564
0.716,-0.13902
0.7102,-0.136962
0.706,-0.13944
0.6994,-0.133014
0.6948,-0.136248
0.6874,-0.128814
0.6821,-0.132111
0.6738,-0.124068
0.668,-0.1281
0.6588,-0.119028
0.6523,-0.123333
0.6422,-0.113652
0.635,-0.11823
0.6277,-0.116487
0.6161,-0.105021
0.6038,-0.100968
0.5953,-0.107163
0.5866,-0.104916
0.5729,-0.091539
0.5634,-0.098364
0.5487,-0.084357
0.5386,-0.091896
0.524,-0.07938
0.5156,-0.090636
0.5067,-0.087717
0.5049,-0.102249
0.4884,-0.067914
0.4784,-0.079464
0.4659,-0.071589
0.4587,-0.081207
0.4522,-0.081312
0.4428,-0.073248
0.4367,-0.078897
0.4274,-0.070224
0.4208,-0.074508
0.4104,-0.064344
0.4032,-0.069552
0.392,-0.0588
0.3842,-0.064302
0.3722,-0.052962
0.3596,-0.049056
0.351,-0.05565
0.3423,-0.053613
0.3287,-0.040467
0.3193,-0.047313
0.3051,-0.034251
0.2954,-0.041664
0.2807,-0.028077
0.2707,-0.035847
0.2556,-0.021966
0.2401,-0.017871
0.2298,-0.026628
0.2194,-0.024234
0.2037,-0.009807
0.193,-0.01806
0.1772,-0.004032
0.1668,-0.013188
0.1512,0.001008
0.1409,-0.007959
0.1258,0.005292
0.1156,-0.002856
0.1007,0.010143
0.0907,0.001953
0.0764,0.013986
0.0669,0.005901
0.0531,0.017829
0.0442,0.009408
0.0312,0.020748
0.0228,0.012852
0.0108,0.022932
0.0031,0.015519
-0.0078,0.024528
-0.0147,0.017577
-0.0246,0.025956
-0.0308,0.019488
-0.0392,0.025872
-0.0445,0.020475
-0.0518,0.026208
-0.0562,0.021042
-0.062,0.0252
-0.0654,0.020874
-0.0699,0.024129
-0.0723,0.020223
-0.0752,0.021882
-0.0774,0.020874
-0.0783,0.018333
-0.0789,0.017829
-0.0788,0.016338
-0.0785,0.015855
-0.0772,0.013482
-0.0759,0.013209
-0.0734,0.010164
-0.0712,0.010332
-0.0675,0.006405
-0.0646,0.007476
-0.0597,0.002247
-0.0562,0.004452
-0.0504,-0.001596
-0.0462,0.000882
-0.0395,-0.005775
-0.0324,-0.008106
-0.0274,-0.004746
-0.0192,-0.013188
-0.0114,-0.013986
-0.0027,-0.017703
0.0176,-0.046326
0.0408,-0.057288
0.0585,-0.049455
0.0774,-0.055944
0.1054,-0.080934
0.1322,-0.084042
0.1489,-0.066339
0.172,-0.08463
0.1864,-0.069384
0.2062,-0.084882
0.2184,-0.071484
0.2296,-0.071736
0.2449,-0.083559
0.2542,-0.072912
0.2662,-0.081102
0.2731,-0.071841
0.2815,-0.076755
0.2861,-0.069741
0.2912,-0.071862
0.2935,-0.066465
0.2953,-0.065793
0.2955,-0.062475
0.2943,-0.059283
0.2926,-0.057876
0.2886,-0.052206
0.2851,-0.052521
0.2787,-0.045087
0.2737,-0.046977
0.2652,-0.037842
0.2589,-0.041139
0.2452,-0.022722
0.2339,-0.025389
0.226,-0.03087
0.2181,-0.029211
0.2056,-0.016926
0.1926,-0.013146
0.1838,-0.020118
0.1707,-0.008337
0.162,-0.01575
0.1491,-0.004221
0.1407,-0.011907
0.1283,-0.000903
0.1202,-0.008232
0.1087,0.001323
0.0976,0.002814
0.0872,0.003528
0.0807,-0.003297
0.0718,0.003612
0.0663,-0.002373
0.0593,0.002247
0.0601,-0.014301
0.0678,-0.030408
0.0744,-0.029484
0.0867,-0.044037
0.1076,-0.066486
0.1275,-0.068565
0.1396,-0.054726
0.1558,-0.066738
0.1654,-0.054894
0.178,-0.06384
0.1886,-0.061866
0.1972,-0.059472
0.2015,-0.051345
0.2063,-0.053403
0.2084,-0.048174
0.21,-0.04746
0.2099,-0.043869
0.2089,-0.041769
0.2061,-0.037401
0.2034,-0.037044
0.1984,-0.031164
0.1922,-0.027342
0.1875,-0.029505
0.1798,-0.021588
0.1743,-0.025053
0.1657,-0.016737
0.1566,-0.013776
0.1503,-0.018333
0.141,-0.01008
0.1348,-0.015288
0.1255,-0.006825
0.1164,-0.005334
0.1105,-0.010815
0.1021,-0.003801
0.0941,-0.002961
0.089,-0.00798
0.0821,-0.002751
0.0764,-0.004074
0.0775,-0.018585
0.0879,-0.040299
0.1003,-0.047103
0.1254,-0.079044
0.1503,-0.083853
0.1655,-0.066675
0.1852,-0.080262
0.1966,-0.065226
0.2109,-0.074319
0.2222,-0.070392
0.2303,-0.065373
0.2338,-0.056448
0.2365,-0.055335
0.2364,-0.049434
0.2349,-0.046179
0.2308,-0.039858
0.2244,-0.033684
0.2191,-0.034881
0.2099,-0.024759
0.1992,-0.019362
0.1915,-0.024045
0.1795,-0.012495
0.1667,-0.008127
0.1581,-0.015141
0.1452,-0.003402
0.1323,-0.000693
0.124,-0.00861
0.112,0.00168
0.1006,0.002814
0.0935,-0.004725
0.0837,0.003003
0.0776,-0.003486
0.0696,0.002184
0.0625,0.001785
0.0567,0.000273
0.0562,-0.010752
0.0693,-0.042063
0.0851,-0.051051
0.1033,-0.059913
0.1313,-0.086373
0.1488,-0.067998
0.1852,-0.115332
0.1969,-0.065919
0.2098,-0.071148
0.2183,-0.063693
0.222,-0.05439
0.2245,-0.052395
0.2243,-0.046683
0.2217,-0.041097
0.2163,-0.034083
0.2114,-0.034104
0.2025,-0.023835
0.1917,-0.017577
0.1838,-0.022008
0.1714,-0.009954
0.1626,-0.015666
0.1493,-0.003423
0.1358,-0.000168
0.1268,-0.007728
0.114,0.00294
0.1058,-0.004998
0.0943,0.004347
0.0836,0.004914
0.0713,0.010857
0.0636,0.002814
0.0595,-0.003885
0.0547,-0.001407
0.0511,-0.003171
0.0495,-0.007035
0.048,-0.00693
0.0476,-0.009156
0.0576,-0.033096
0.0863,-0.078393
0.1101,-0.073101
0.166,-0.15225
0.2022,-0.118482
0.2501,-0.153111
0.2906,-0.146076
0.3227,-0.135177
0.3389,-0.105189
0.3559,-0.110439
0.3627,-0.090447
0.3666,-0.085176
0.3634,-0.069594
0.3577,-0.063147
0.3443,-0.044163
0.3325,-0.045045
0.3115,-0.021315
0.2868,-0.008358
0.2689,-0.018879
0.241,0.00798
0.2218,-0.006258
0.1929,0.020181
0.1642,0.025788
0.1456,0.008484
0.1194,0.029946
0.1029,0.013041
0.0805,0.030135
0.0604,0.029526
0.0486,0.014574
0.0376,0.015204
0.0385,-0.009975
0.0527,-0.040887
0.0649,-0.039249
0.0831,-0.055671
0.0948,-0.044478
0.1111,-0.057561
0.1259,-0.057519
0.1347,-0.046767
0.1457,-0.053697
0.1544,-0.050694
0.1588,-0.042588
0.1632,-0.043512
0.1653,-0.039123
0.1654,-0.034944
0.1638,-0.031038
0.1615,-0.029085
0.1586,-0.027216
0.1529,-0.020139
0.1458,-0.015708
0.1404,-0.018144
0.132,-0.01008
0.126,-0.01386
0.117,-0.00567
0.108,-0.00378
0.1022,-0.009282
-0.1524,0.566664
0.1399,-0.643209
0.2024,-0.173754
0.276,-0.21252
0.3173,-0.153363
0.369,-0.18606
0.4102,-0.172662
0.4314,-0.135114
0.4532,-0.140952
0.4617,-0.114807
0.4656,-0.105966
0.4627,-0.091077
0.4507,-0.069447
0.438,-0.06531
0.4131,-0.034461
0.393,-0.04032
0.359,-0.00399
0.3209,0.012621
0.2941,-0.005481
0.2535,0.032025
0.2125,0.041475
0.1856,0.017514
0.1475,0.049035
0.1235,0.024465
0.0904,0.050526
0.0703,0.027447
0.0439,0.046221
0.0216,0.042294
0.0092,0.024108
-0.0051,0.031101
-0.0122,0.017472
-0.0191,0.018501
-0.0214,0.009324
-0.0217,0.005187
-0.0199,0.000399
-0.0146,-0.008064
-0.0096,-0.008484
0.066,-0.17262
0.0662,-0.014322
0.1158,-0.128478
0.2083,-0.237993
0.2677,-0.180957
0.3454,-0.235704
0.4097,-0.221067
0.4442,-0.165732
0.4821,-0.180831
0.4992,-0.140742
0.5125,-0.135555
0.5137,-0.110397
0.505,-0.08778
0.4926,-0.077406
0.4659,-0.041769
0.443,-0.04494
0.4034,-0.001554
0.3737,-0.016107
0.3266,0.030324
0.2769,0.046221
0.2281,0.054579
0.2032,0.009618
0.2037,-0.043827
0.2097,-0.056637
0.2136,-0.053046
0.2176,-0.054096
0.2189,-0.048699
0.2188,-0.045738
0.2173,-0.042483
0.2131,-0.035931
0.209,-0.03528
0.2012,-0.025872
0.1915,-0.019845
0.1841,-0.023121
0.1722,-0.011172
0.1637,-0.016527
0.1505,-0.003885
0.1415,-0.010815
0.1283,0.000777
0.1196,-0.006846
-0.1788,0.664188
0.175,-0.77973
0.2696,-0.255276
0.3452,-0.231252
0.446,-0.30534
0.5049,-0.229719
0.5769,-0.272349
0.6147,-0.208467
0.6549,-0.221949
0.6713,-0.175413
0.6805,-0.162225
0.677,-0.13482
0.6585,-0.099435
0.6254,-0.061824
0.5963,-0.064113
0.5448,-0.006258
0.5058,-0.024318
0.443,0.03885
0.3988,0.009072
0.3319,0.070791
0.2871,0.033789
0.2224,0.089166
0.1605,0.096285
0.1219,0.055461
0.0703,0.093597
0.0395,0.056385
0.0001,0.082719
-0.0319,0.073899
-0.0487,0.045507
-0.0669,0.052269
-0.0748,0.032298
-0.0804,0.028644
-0.0804,0.016884
-0.0752,0.004872
-0.0689,0.001239
0.163,-0.52122
0.0486,0.230034
0.1154,-0.164514
0.2226,-0.271866
0.2952,-0.214452
0.3912,-0.283752
0.4464,-0.209664
0.5135,-0.248745
0.5627,-0.221487
0.5852,-0.170142
0.6031,-0.164241
0.6054,-0.131964
0.5954,-0.104034
0.5804,-0.090384
0.5475,-0.045885
0.5502,-0.121212
0.5914,-0.210714
0.6348,-0.224448
0.6863,-0.252273
0.7191,-0.219891
0.7295,-0.175035
0.7284,-0.150654
0.7175,-0.127785
0.6878,-0.082068
0.6597,-0.079527
0.6078,-0.018648
0.5454,0.016506
0.4996,-0.008736
0.4283,0.059787
0.3791,0.023709
0.3061,0.089019
0.258,0.04683
0.1898,0.103362
0.126,0.10752
0.1059,0.019971
0.1604,-0.148134
0.2307,-0.196077
0.3319,-0.282219
0.3939,-0.212919
0.4721,-0.263361
0.5336,-0.241206
0.5645,-0.183435
0.5944,-0.187614
0.6044,-0.147924
0.605,-0.12831
0.5965,-0.107415
0.5718,-0.068208
0.548,-0.0651
0.5316,-0.077196
0.567,-0.19341
0.5968,-0.187908
0.6289,-0.199479
0.6412,-0.160482
0.6452,-0.143892
0.6388,-0.120708
0.617,-0.08379
0.5816,-0.047796
0.5517,-0.053067
0.4998,0.004032
0.4403,0.032487
0.398,0.00525
0.3338,0.064722
0.2904,0.030156
0.2273,0.084777
0.1667,0.092253
0.1288,0.052542
0.078,0.0903
0.0478,0.053382
0.0093,0.078897
0.0494,-0.094584
0.1422,-0.224742
0.335,-0.47523
0.4587,-0.356097
0.6222,-0.474012
0.7154,-0.345954
0.8264,-0.406644
0.8823,-0.302673
0.9375,-0.312795
0.9564,-0.240534
0.9591,-0.207081
0.9449,-0.168609
0.9026,-0.100716
0.8616,-0.094836
0.7855,-0.005145
0.6976,0.038094
0.6607,-0.061257
0.6466,-0.106176
0.6356,-0.110376
0.6104,-0.075264
0.5876,-0.075516
0.5609,-0.061719
0.5139,-0.009219
0.4595,0.017745
0.4206,-0.006636
0.3611,0.049119
0.3207,0.017493
0.2808,0.024822
0.2762,-0.048342
0.3124,-0.141624
0.4396,-0.359436
0.5226,-0.284046
0.6289,-0.355299
0.7117,-0.323337
0.7524,-0.243474
0.7901,-0.245091
0.8013,-0.191793
0.7981,-0.160881
0.7726,-0.108696
0.7446,-0.097566
0.6889,-0.027699
0.6437,-0.040257
0.5679,0.039921
0.4837,0.075243
0.4252,0.033558
0.3384,0.111216
0.2811,0.061299
0.1995,0.129465
0.1233,0.134127
0.0859,0.060501
0.1149,-0.085029
0.1924,-0.203154
0.3149,-0.323379
0.4289,-0.329469
0.495,-0.24276
0.5746,-0.287826
0.6157,-0.215607
0.6585,-0.228165
0.6798,-0.187488
0.6823,-0.148533
0.6694,-0.113484
0.6507,-0.097377
0.6099,-0.042399
0.5554,-0.002184
0.5132,-0.019152
0.4448,0.050232
0.3962,0.018858
0.3249,0.081501
0.2913,0.009387
0.2929,-0.064869
0.2964,-0.069594
0.2978,-0.065478
0.2965,-0.059535
0.2912,-0.050022
0.2855,-0.047985
0.274,-0.03339
0.2592,-0.023352
0.2477,-0.027867
0.2289,-0.008589
0.2233,-0.035133
0.2805,-0.179025
0.3741,-0.275121
0.4336,-0.216006
0.5076,-0.261996
0.5467,-0.196917
0.5882,-0.210672
0.6104,-0.174804
0.6147,-0.138117
0.6059,-0.108759
0.5807,-0.069027
0.5558,-0.064428
0.5089,-0.008379
0.472,-0.02163
0.4114,0.040866
0.3455,0.065835
0.3004,0.031626
0.2342,0.089838
0.17,0.09912
0.1295,0.057855
0.0748,0.099162
0.0268,0.095172
-0.0007,0.057897
-0.034,0.07707
-0.0632,0.074592
-0.0288,-0.066192
0.0452,-0.164892
0.098,-0.13146
0.1723,-0.192213
0.2396,-0.191646
0.279,-0.14133
0.3272,-0.169932
0.3528,-0.127848
0.3803,-0.137613
0.3955,-0.114975
0.3988,-0.090678
0.394,-0.07266
0.3849,-0.061719
0.3635,-0.031395
0.3339,-0.007959
0.3106,-0.016296
0.2725,0.022785
0.259,-0.02604
0.2617,-0.060627
0.2911,-0.122871
0.3106,-0.106176
0.3333,-0.117663
0.3438,-0.094248
0.352,-0.09114
0.3517,-0.073227
0.347,-0.063
0.3338,-0.042378
0.3212,-0.040992
0.2979,-0.013629
0.2697,0.002583
0.2489,-0.008589
0.2166,0.022344
0.1943,0.006027
0.1614,0.035196
0.1292,0.040488
0.1088,0.019992
0.0812,0.040908
0.0646,0.021294
0.0432,0.035868
0.0259,0.030891
0.0168,0.015582
0.0072,0.018648
0.0033,0.007497
0.0009,0.004851
0.0184,-0.040614
0.1114,-0.218694
0.0793,0.050757
0.1112,-0.090342
0.1746,-0.169806
0.2368,-0.180348
0.2737,-0.134967
0.3188,-0.161658
0.3425,-0.121695
0.3676,-0.129906
0.3809,-0.107919
0.3832,-0.085302
0.3774,-0.067074
0.3678,-0.057078
0.3462,-0.027342
0.3169,-0.005019
0.294,-0.01365
0.2566,0.024654
0.23,0.00756
0.1897,0.044793
0.1493,0.053487
0.1232,0.028938
0.0873,0.057057
0.0654,0.032256
0.0366,0.052794
0.0128,0.047292
0,0.02688
-0.0141,0.032571
-0.0204,0.017514
-0.0252,0.015372
-0.0247,0.004137
-0.0218,-0.001512
-0.014,-0.01344
-0.0068,-0.013692
0.0063,-0.028833
0.0216,-0.036666
0.0326,-0.029946
0.0493,-0.045423
0.0605,-0.036225
0.0767,-0.050127
0.0876,-0.041286
0.3361,-0.592431
0.6663,-0.833343
0.5329,0.168231
0.4053,0.182847
0.3718,-0.007728
0.3924,-0.125664
0.4282,-0.165102
0.4827,-0.215817
0.5133,-0.172053
0.5455,-0.182175
0.5579,-0.143199
0.5631,-0.129171
0.5531,-0.095151
0.5387,-0.082887
0.5068,-0.039438
0.4795,-0.043365
0.4318,0.009492
0.396,-0.00798
0.3393,0.047817
0.2798,0.066192
0.2399,0.033411
0.1827,0.081753
0.1462,0.045948
0.0961,0.085029
0.0657,0.050043
0.0262,0.077448
-0.0063,0.069573
-0.0236,0.041286
-0.0426,0.048846
-0.0509,0.028119
-0.057,0.02478
-0.0563,0.010353
-0.0523,0.002583
-0.0418,-0.013272
-0.0267,-0.026103
-0.0146,-0.022344
0.0054,-0.043134
0.0197,-0.034167
0.0415,-0.054495
0.0633,-0.059073
0.0773,-0.045633
0.0965,-0.060585
0.1082,-0.047292
0.1233,-0.057603
0.1356,-0.054306
0.1421,-0.043491
0.1489,-0.045549
0.1516,-0.037506
0.153,-0.03507
0.1523,-0.030513
0.149,-0.02436
0.1434,-0.018354
0.1386,-0.019026
0.1301,-0.009471
0.1204,-0.004914
0.1136,-0.009576
0.1033,-6.3e-05
0.0965,-0.005985
0.0868,0.002142
0.0806,-0.003906
0.0724,0.002016
0.0653,0.001197
0.0613,-0.004473
0.0567,-0.002247
0.0544,-0.006594
0.0523,-0.006573
0.0516,-0.009366
0.0535,-0.015225
0.0552,-0.015162
0.0585,-0.019215
0.0625,-0.021525
0.0655,-0.020055
0.0701,-0.024381
0.0733,-0.022113
0.0781,-0.026481
0.0826,-0.026796
0.0855,-0.024045
0.0893,-0.026733
0.0925,-0.026145
0.0943,-0.023583
0.0963,-0.024423
0.0973,-0.022533
0.0981,-0.022281
0.0983,-0.021063
0.098,-0.01995
0.0971,-0.018501
0.0963,-0.018543
0.0946,-0.016296
0.0926,-0.015246
0.0912,-0.016212
0.0889,-0.013839
0.0874,-0.015204
0.0851,-0.013041
0.083,-0.01302
0.0816,-0.014196
0.0799,-0.013209
0.0789,-0.014469
0.0776,-0.013566
0.0766,-0.013986
0.0762,-0.015162
0.0759,-0.015309
0.0758,-0.015708
0.076,-0.01638
0.0764,-0.016884
0.0769,-0.017199
0.0777,-0.017997
0.0784,-0.017934
0.0794,-0.018774
0.0805,-0.019215
0.0813,-0.018753
0.0823,-0.019383
0.083,-0.0189
0.0943,-0.043533
0.1696,-0.193746
0.265,-0.25599
0.4657,-0.519267
0.7318,-0.712488
0.3523,0.722967
-0.0352,0.821142
-0.0916,0.137676
-0.1761,0.214431
-0.256,0.22155
-0.3039,0.164409
-0.3635,0.201495
-0.3955,0.150255
-0.4299,0.162519
-0.4483,0.132783
-0.4514,0.101304
-0.4427,0.074697
-0.4285,0.060165
-0.3962,0.015372
-0.3518,-0.019362
-0.3167,-0.007203
-0.2589,-0.067011
-0.2174,-0.041496
-0.1534,-0.102186
-0.0883,-0.118167
-0.0457,-0.079863
0.014,-0.12831
0.0691,-0.130221
0.1023,-0.091203
0.1467,-0.124047
0.1755,-0.097335
0.2085,-0.113085
0.23,-0.09345
0.2393,-0.069783
0.246,-0.06573
0.2444,-0.047964
0.2394,-0.039774
0.2271,-0.021861
0.2162,-0.022512
0.1968,-0.000588
0.1883,-0.021693
0.2367,-0.151347
0.2148,0.000882
0.2475,-0.120645
0.2939,-0.159159
0.3343,-0.155043
0.3553,-0.118713
0.3767,-0.124047
0.3847,-0.097587
0.3874,-0.087024
0.3834,-0.072114
0.3696,-0.048636
0.3471,-0.025641
0.3281,-0.029001
0.2954,0.006636
0.271,-0.00567
0.2327,0.031563
0.1927,0.043533
0.1661,0.020979
0.1283,0.052437
0.1044,0.028266
0.0718,0.053382
0.0541,0.025809
0.0704,-0.049014
0.1347,-0.163317
0.1837,-0.141477
0.251,-0.19404
0.3093,-0.187383
0.3416,-0.139566
0.3784,-0.156744
0.3956,-0.119196
0.4104,-0.117264
0.4124,-0.090804
0.4071,-0.074361
0.3901,-0.046221
0.3733,-0.043113
0.3417,-0.005397
0.3034,0.016716
0.2753,0.001197
0.2316,0.043134
0.2018,0.020202
0.1579,0.059031
0.1157,0.064323
0.0894,0.036456
0.0709,0.023961
0.0937,-0.067557
0.1533,-0.157353
0.2422,-0.237552
0.3245,-0.240975
0.3719,-0.177639
0.4284,-0.208614
0.457,-0.15603
0.4856,-0.162036
0.4978,-0.130158
0.4972,-0.103152
0.5819,-0.300069
0.6942,-0.381612
0.8456,-0.495516
0.9652,-0.453852
1.0223,-0.334593
1.0714,-0.328104
1.0822,-0.249942
1.0677,-0.193767
1.0197,-0.113337
0.9712,-0.102102
0.8796,0.007644
0.8073,-0.017703
0.6891,0.103509
0.5656,0.140574
0.5418,-0.063798
0.632,-0.32214
0.6978,-0.284718
0.7789,-0.333879
0.8355,-0.294315
0.858,-0.22743
0.8685,-0.204435
0.8536,-0.147966
0.8306,-0.126126
0.8831,-0.295701
1.0311,-0.527331
1.2685,-0.764925
1.4657,-0.721917
1.5671,-0.542031
1.6664,-0.558474
1.6997,-0.426867
1.7018,-0.361788
1.6513,-0.240723
1.5914,-0.208404
1.4695,-0.052605
1.3693,-0.077133
1.2003,0.102837
1.0478,0.100212
1.0274,-0.172914
1.053,-0.27489
1.0641,-0.246771
1.0612,-0.216762
1.0374,-0.167874
1.0084,-0.150864
0.9483,-0.072933
0.8978,-0.082488
0.8107,0.012663
0.7112,0.059598
0.6451,0.003339
0.6547,-0.157647
0.7078,-0.260148
0.7784,-0.311724
0.8155,-0.249165
0.8503,-0.251643
0.8611,-0.203511
0.8554,-0.167664
0.8287,-0.117957
0.7821,-0.066381
0.7416,-0.070686
0.67,0.00966
0.6159,-0.015729
0.5294,0.070476
0.4536,0.063924
0.4665,-0.125055
0.5635,-0.322035
0.628,-0.26733
0.7072,-0.314832
0.7633,-0.278103
0.7868,-0.214578
0.8006,-0.197106
0.7968,-0.159348
0.7733,-0.113043
0.7299,-0.062139
0.6915,-0.064575
0.6233,0.012327
0.5715,-0.011235
0.4887,0.071253
0.4121,0.074319
0.3741,0.001239
0.3222,0.041328
0.2882,0.010878
0.2387,0.053823
0.1911,0.059829
0.1613,0.028707
0.121,0.05922
0.0855,0.056595
0.065,0.0294
0.0398,0.044562
0.0263,0.022827
0.0114,0.028896
0.0046,0.013314
0.0027,0.003423
0.1783,-0.406203
0.1382,0.055188
0.227,-0.23415
0.2903,-0.193893
0.375,-0.25662
0.4229,-0.189399
0.4786,-0.217476
0.516,-0.1869
0.5304,-0.141624
0.5364,-0.125244
0.5309,-0.099939
0.51,-0.06321
0.4883,-0.056973
0.4466,-0.006216
0.4135,-0.017325
0.3587,0.039753
0.3193,0.015687
0.2593,0.071547
0.1987,0.085533
0.1594,0.049056
0.105,0.09219
0.0716,0.055104
0.0275,0.086835
0.002,0.05313
-0.0292,0.071652
-0.0524,0.059724
-0.0633,0.036183
-0.0724,0.034314
-0.0742,0.019362
-0.0709,0.007959
-0.0651,0.001491
-0.052,-0.01659
-0.0405,-0.015645
-0.0206,-0.037464
-0.0058,-0.029862
0.0175,-0.052605
0.0416,-0.059346
0.0576,-0.045696
0.08,-0.06384
0.094,-0.04914
0.1127,-0.062937
0.1237,-0.049077
0.1373,-0.057393
0.1462,-0.049392
-0.1803,0.723513
-0.164,0.00021
0.1755,-0.749805
0.2046,-0.104076
0.217,-0.07161
0.2268,-0.068208
0.2307,-0.056637
0.2303,-0.047523
0.2255,-0.037275
0.2197,-0.033957
0.2079,-0.018879
0.198,-0.02079
0.1813,-0.003003
0.169,-0.00966
0.1562,-0.005922
0.1364,0.012936
0.1229,0.002541
0.1034,0.019236
0.0909,0.007161
0.0739,0.020181
0.0636,0.008274
0.0504,0.017136
0.043,0.00651
0.0369,0.005061
0.03,0.00819
0.0268,0.001092
0.0243,0.000147
0.0241,-0.004641
0.0258,-0.008988
0.0281,-0.010731
0.033,-0.01722
0.0373,-0.016863
0.042,-0.01869
0.0499,-0.027069
-0.059,0.24108
-0.1192,0.151452
0.0098,-0.272958
-0.055,0.14763
-0.1228,0.168168
-0.2182,0.246162
-0.2735,0.173565
-0.3388,0.208278
-0.384,0.17556
-0.4025,0.123375
-0.4128,0.108318
-0.4091,0.078141
-0.3893,0.040173
-0.3673,0.030933
-0.4096,0.174846
-0.5497,0.409647
-0.6345,0.311325
-0.7337,0.362397
-0.7806,0.262416
-0.8206,0.256326
-0.8293,0.192423
-0.8241,0.162141
-0.7927,0.100527
-0.757,0.084
-0.685,-0.00735
-0.5934,-0.067746
-0.5243,-0.035007
-0.415,-0.14238
-0.3389,-0.088641
-0.3005,-0.017535
-0.4166,0.331296
-0.6041,0.520611
-0.7199,0.394359
-0.8645,0.485205
-0.9712,0.428022
-1.0189,0.314139
-1.0596,0.307986
-1.0653,0.235683
-1.0432,0.172662
-1.1325,0.425355
-1.2695,0.554295
-1.4462,0.674772
-1.5351,0.509061
-1.6155,0.508095
-1.6358,0.386148
-1.6174,0.301014
-1.547,0.17703
-1.4744,0.157164
-1.3354,-0.011466
-1.2249,0.025179
-1.1409,0.063189
-1.1948,0.364098
-1.2377,0.350007
-1.2738,0.343308
-1.2767,0.274197
-1.2497,0.205737
-1.1878,0.119448
-1.1295,0.114765
-1.0222,-0.010668
-0.9385,0.021315
-0.8017,-0.118923
-0.6531,-0.174909
-0.5512,-0.098238
-0.4152,-0.198408
-0.376,-0.00336
-0.3562,0.033222
-0.3393,0.035763
-0.3267,0.042147
-0.3047,0.017787
-0.2877,0.024717
-0.2595,-0.004725
-0.2279,-0.018501
-0.2052,-0.004578
-0.1701,-0.037989
-0.1458,-0.020412
-0.1338,0.002898
-0.1951,0.169701
-0.239,0.14238
-0.2955,0.180705
-0.3257,0.131817
-0.3578,0.142548
-0.3747,0.114177
-0.3776,0.085386
-0.3697,0.061047
-0.3569,0.048069
-0.328,0.00819
-0.2928,-0.012432
-0.283,0.03885
-0.2767,0.044877
-0.272,0.04725
-0.2582,0.025242
-0.2363,0.003633
-0.2177,0.006657
-0.1853,-0.029127
-0.1609,-0.017451
-0.122,-0.05607
-0.0807,-0.069783
-0.0528,-0.047502
-0.0123,-0.082467
0.0138,-0.057708
0.0502,-0.086982
0.0833,-0.087003
0.103,-0.063
0.1279,-0.079149
0.1416,-0.058506
0.1576,-0.066696
0.1685,-0.058275
0.1728,-0.045318
0.175,-0.04137
0.1736,-0.033516
0.165,-0.01659
0.1552,-0.012012
0.1379,0.007371
0.1191,0.014469
0.1062,0.004788
0.0877,0.020433
0.0758,0.009072
0.0595,0.021735
0.0452,0.020538
0.0371,0.009219
0.0274,0.014616
0.0225,0.005565
0.0177,0.006363
0.0158,0.000672
0.016,-0.00378
0.0185,-0.009135
0.0233,-0.014973
0.0276,-0.014826
0.0352,-0.023352
0.041,-0.02079
0.0523,-0.034713
-0.1176,0.381486
0.1203,-0.524853
0.1976,-0.203826
0.2515,-0.166005
0.3211,-0.213591
0.3795,-0.202335
0.411,-0.15246
0.4453,-0.165543
0.4653,-0.139713
0.4707,-0.110187
0.4671,-0.090531
0.4575,-0.075915
0.4339,-0.041559
0.4124,-0.041454
0.3738,0.002562
0.3442,-0.010122
0.2967,0.037443
0.2462,0.054348
0.2121,0.027069
0.1629,0.069111
0.1313,0.038787
0.0878,0.072912
0.0489,0.071421
0.0262,0.042168
-0.0017,0.058947
-0.0166,0.034776
-0.033,0.04137
-0.0402,0.023562
-0.0453,0.020223
-0.0442,0.006972
-0.0404,0.000504
-0.0307,-0.013923
-0.0167,-0.025893
-0.0057,-0.021903
0.0622,-0.155652
0.1956,-0.321216
0.1819,-0.009429
0.3211,-0.359751
0.4079,-0.267939
0.5194,-0.343224
0.5798,-0.248598
0.6469,-0.276759
0.6872,-0.228942
0.6994,-0.172494
0.6963,-0.139713
0.6815,-0.112035
0.6426,-0.053256
0.586,-0.0042
0.5405,-0.017955
0.4653,0.060207
0.4138,0.021252
0.4202,-0.101682
0.5074,-0.289674
0.5686,-0.247926
0.6438,-0.293118
0.6971,-0.258321
0.7193,-0.197673
0.7322,-0.180852
0.723,-0.13251
0.7054,-0.111174
0.6642,-0.052962
0.607,-0.00735
0.5618,-0.023058
0.4876,0.053424
0.4345,0.020265
0.3532,0.096558
0.271,0.11571
0.2177,0.066213
0.1436,0.125454
0.0761,0.125769
0.036,0.07665
0.0729,-0.092799
0.3355,-0.621915
0.5929,-0.665049
0.9732,-1
1.2093,-0.749763
1.5294,-0.993384
1.7979,-0.941409
1.9428,-0.712278
2.1009,-0.773199
2.1672,-0.594342
2.2066,-0.546126
2.1793,-0.400323
2.127,-0.33684
2.0053,-0.165543
1.8982,-0.173712
1.7131,0.028959
1.5032,0.125118
1.3514,0.034986
1.118,0.25536
0.9589,0.132741
0.7259,0.336861
0.5747,0.196833
0.3632,0.367878
0.232,0.2268
0.0567,0.356223
-0.0947,0.337827
-0.1787,0.213927
-0.1633,0.001953
0.0066,-0.358176
0.3675,-0.835065
0.6187,-0.657447
0.9825,-0.970305
1.3192,-0.984102
1.5228,-0.747348
1.7878,-0.931938
1.9372,-0.720552
2.1117,-0.809907
2.1912,-0.627102
2.2401,-0.573111
2.2618,-0.520548
2.2442,-0.434322
2.1729,-0.306579
2.0525,-0.178185
1.9493,-0.192633
1.7702,0.004368
1.636,-0.06174
1.4225,0.149625
1.273,0.04662
1.048,0.25242
0.8977,0.127113
0.6808,0.312522
0.5416,0.178584
0.3481,0.333249
0.2286,0.202944
0.069,0.32067
-0.0253,0.203343
-0.1374,0.264264
-0.1329,0.018459
-0.037,-0.19362
0.0435,-0.178185
0.1625,-0.284025
0.2384,-0.209454
0.3086,-0.212226
0.4041,-0.285411
0.4611,-0.216531
0.5317,-0.259917
0.5853,-0.235473
0.6108,-0.181818
0.6331,-0.179781
0.6382,-0.144732
0.632,-0.1197
0.6192,-0.103152
0.5889,-0.060039
0.5619,-0.061299
0.5606,-0.114996
0.6205,-0.256095
0.6981,-0.309561
0.7713,-0.315693
0.8608,-0.368718
0.9242,-0.327222
0.9502,-0.254142
0.9648,-0.233268
0.9597,-0.190827
0.9324,-0.138474
0.9019,-0.125349
0.8411,-0.048951
0.7914,-0.061824
0.7076,0.027384
0.6138,0.068082
0.5481,0.022869
0.4496,0.112434
0.3839,0.057351
0.2892,0.138138
0.2287,0.079023
0.145,0.14532
0.0938,0.087822
0.0261,0.136689
-0.0313,0.127113
-0.0632,0.080262
-0.1003,0.098973
-0.1186,0.063336
-0.0895,-0.042315
-0.0184,-0.145446
0.1614,-0.411474
0.2899,-0.330729
0.4658,-0.467208
0.57,-0.33852
0.7002,-0.420462
0.7706,-0.309666
0.849,-0.34293
0.8842,-0.259602
0.9114,-0.248514
0.9137,-0.196707
0.8952,-0.149142
0.8529,-0.090279
0.8132,-0.087402
0.7408,-0.003528
0.6848,-0.026208
0.594,0.06594
0.4963,0.100947
0.4297,0.049623
0.3326,0.134064
0.2383,0.147987
0.1506,0.152544
0.0978,0.090342
0.0287,0.139083
-0.0297,0.128877
-0.0622,0.081312
-0.1,0.10038
-0.1186,0.063966
-0.1078,-4.2e-05
-0.0075,-0.209055
0.1038,-0.255528
0.2769,-0.421659
0.3852,-0.308322
0.5267,-0.407757
0.6437,-0.380877
0.7062,-0.279552
0.7738,-0.304458
0.8033,-0.230643
0.8246,-0.217896
0.8202,-0.163002
0.804,-0.13482
0.7626,-0.073206
0.7247,-0.072597
0.6564,0.005586
0.5761,0.047649
0.5182,0.012768
0.4295,0.096075
0.3692,0.049098
0.2812,0.125748
0.1962,0.137298
0.143,0.08169
0.0715,0.135135
0.0087,0.130053
-0.0273,0.081333
-0.0702,0.104832
-0.1103,0.107373
-0.0217,-0.181503
0.0841,-0.239841
0.155,-0.18144
0.2514,-0.255234
0.3093,-0.186543
0.3832,-0.235662
0.4242,-0.175182
0.4717,-0.198807
0.5032,-0.171822
0.5152,-0.133392
0.5198,-0.118818
0.5147,-0.097377
0.496,-0.06489
0.4654,-0.033474
0.4466,-0.054306
0.4725,-0.153615
0.5053,-0.174993
0.5446,-0.196896
0.5694,-0.171654
0.577,-0.13713
0.5752,-0.117012
0.566,-0.09954
0.5415,-0.062265
0.5054,-0.030324
0.4759,-0.037989
0.4263,0.014637
0.3899,-0.005439
0.3358,0.043092
0.3176,-0.028476
0.316,-0.063
0.3125,-0.058275
0.3083,-0.055923
0.2986,-0.042336
0.2899,-0.042609
0.2743,-0.024843
0.2621,-0.029421
0.2421,-0.008841
0.2277,-0.017577
0.2052,0.004158
0.1898,-0.007518
0.2081,-0.082131
0.2426,-0.123396
0.2952,-0.172452
0.3267,-0.134757
0.3646,-0.156156
0.3838,-0.120918
0.403,-0.12495
0.4095,-0.099645
0.4103,-0.087843
0.405,-0.07392
0.3895,-0.049245
0.3656,-0.026586
0.3458,-0.031038
0.3118,0.005922
0.2868,-0.007728
0.2474,0.030786
0.2203,0.010647
0.1801,0.046599
0.1538,0.022932
0.1166,0.053634
0.1086,-0.006006
0.1144,-0.036204
0.1379,-0.078309
0.1615,-0.083475
0.1947,-0.110607
0.224,-0.10857
0.2404,-0.084924
0.2594,-0.094374
0.2684,-0.075264
0.2763,-0.074613
0.278,-0.06195
0.2753,-0.052143
0.2702,-0.046032
0.2828,-0.085848
0.3034,-0.106974
0.3499,-0.171129
0.3888,-0.163338
0.4083,-0.126693
0.4266,-0.128016
0.4319,-0.101829
0.43,-0.08631
0.4226,-0.073206
0.4034,-0.044394
0.3753,-0.019803
0.3525,-0.026145
0.3143,0.014217
0.2864,-0.001554
0.2431,0.039879
0.2136,0.017094
0.1704,0.054936
0.1424,0.028896
0.1033,0.060417
0.0793,0.033747
0.0474,0.057036
0.029,0.03255
-0.0668,0.215208
0.0335,-0.217665
0.0635,-0.076335
0.1041,-0.107121
0.1387,-0.101787
0.1592,-0.076482
0.1851,-0.093261
0.1993,-0.071673
0.2155,-0.079275
0.223,-0.06258
0.2292,-0.061152
0.23,-0.04998
0.2268,-0.040908
0.2265,-0.046935
0.2506,-0.103236
0.2733,-0.105063
0.3066,-0.134316
0.3243,-0.105273
0.3423,-0.109683
0.3505,-0.090825
0.3506,-0.073836
0.3433,-0.056763
0.3338,-0.050148
0.3138,-0.023898
0.2969,-0.026859
0.268,0.00441
0.2352,0.019488
0.2121,0.003969
0.1773,0.035847
0.1542,0.016128
0.1211,0.044079
0.1002,0.022848
0.0718,0.044562
0.0469,0.042441
0.0326,0.023184
0.0155,0.032655
0.0067,0.017073
-0.0024,0.019614
-0.0059,0.008589
-0.0074,0.004704
-0.006,-0.00168
-0.0241,0.043071
-0.1252,0.238602
0.0671,-0.417921
0.1468,-0.198198
0.1985,-0.150255
0.265,-0.1953
0.3036,-0.144816
0.3511,-0.173481
0.3863,-0.155043
0.4025,-0.118545
0.4153,-0.114093
0.4168,-0.090678
0.4092,-0.069972
0.3979,-0.059829
0.3733,-0.026733
0.3522,-0.029652
0.3329,-0.029379
0.3261,-0.054201
0.3238,-0.063168
0.3161,-0.050211
0.3077,-0.046977
0.2909,-0.025809
0.277,-0.02898
0.2533,-0.003423
0.2266,0.008484
0.2078,-0.004158
0.1794,0.021966
0.1604,0.006216
0.1329,0.029841
0.1155,0.012285
0.0914,0.031416
0.07,0.03024
0.0575,0.014175
0.0421,0.023499
0.0339,0.010101
0.0249,0.013671
0.0195,0.007245
0.018,-0.00063
0.0205,-0.009555
0.0397,-0.048657
0.0633,-0.062853
0.1018,-0.102228
0.1267,-0.078897
0.1602,-0.103992
0.18,-0.07938
0.2045,-0.094395
0.2229,-0.085449
0.2316,-0.066906
0.239,-0.06573
0.2403,-0.053193
0.2374,-0.043764
0.2289,-0.030219
0.2206,-0.028896
0.2049,-0.010059
0.1925,-0.014385
0.1723,0.006237
0.158,-0.00315
0.1361,0.017409
0.1214,0.005376
0.1073,0.007077
0.1148,-0.039858
0.1388,-0.079548
0.1963,-0.161973
0.2506,-0.166656
0.2823,-0.125853
0.3088,-0.120498
0.3403,-0.137613
0.3557,-0.107037
0.3693,-0.106113
0.3722,-0.084252
0.3683,-0.069153
0.3602,-0.058632
0.3409,-0.031059
0.3223,-0.028623
0.2721,0.048279
0.2325,0.034335
0.1732,0.088158
0.1343,0.053487
0.0974,0.057036
0.0458,0.098742
0.0141,0.063609
-0.0267,0.091287
-0.0495,0.058275
-0.0761,0.071841
-0.0888,0.045318
-0.1003,0.045213
-0.1032,0.027762
-0.1025,0.020055
-0.0953,0.004893
-0.0868,0.000378
-0.0695,-0.021735
-0.0557,-0.017283
-0.0291,-0.049749
0.052,-0.18123
0.1053,-0.134043
0.1785,-0.191205
0.2428,-0.186018
0.2793,-0.135303
0.3096,-0.128646
0.345,-0.14679
0.362,-0.11172
0.3766,-0.109746
0.3794,-0.085554
0.3738,-0.066738
0.364,-0.05586
0.3415,-0.024465
0.3219,-0.026439
0.2876,0.011634
0.2619,-0.001029
0.2213,0.038787
0.1932,0.018438
0.1518,0.055062
0.1249,0.030261
0.0873,0.060627
0.0642,0.035028
0.0339,0.056511
0.0166,0.032844
0.0019,0.030471
-0.0155,0.039795
-0.0241,0.023121
-0.0279,0.013839
-0.0179,-0.017241
0.0182,-0.079632
0.0512,-0.080052
0.1,-0.12348
0.1312,-0.093072
0.1598,-0.093618
0.1983,-0.122493
0.2207,-0.093387
0.2477,-0.108717
0.2668,-0.096138
0.2749,-0.074739
0.2791,-0.067431
0.2792,-0.058842
0.2752,-0.049392
0.2639,-0.031689
0.2466,-0.015456
0.2323,-0.018753
0.2082,0.006888
0.1906,-0.003066
0.1633,0.023037
0.1447,0.008673
0.1176,0.032214
0.1002,0.015498
0.0763,0.034167
0.0549,0.033411
0.0426,0.016884
0.0276,0.025704
0.0198,0.012222
0.0165,0.003465
0.0345,-0.045045
0.0535,-0.051135
0.0824,-0.077994
0.1252,-0.116172
0.1656,-0.119616
0.1896,-0.090216
0.2195,-0.108885
0.2355,-0.083055
0.2529,-0.089649
0.2628,-0.075978
0.2651,-0.060501
0.2624,-0.049434
0.2569,-0.042399
0.2437,-0.023457
0.232,-0.02415
0.2112,-0.000672
0.1872,0.011088
0.17,0.00042
0.144,0.02436
0.1266,0.009954
0.1017,0.030933
0.086,0.01491
0.0646,0.031374
0.0462,0.028938
0.0359,0.014091
0.038,-0.01239
0.0505,-0.036855
0.0872,-0.095382
0.1268,-0.109788
0.1519,-0.084609
0.1848,-0.107898
0.2037,-0.082467
0.2263,-0.094983
0.2422,-0.084252
0.2488,-0.066108
0.2527,-0.061257
0.2516,-0.050526
0.2447,-0.036897
0.2321,-0.022281
0.221,-0.0231
0.2015,-0.001365
0.1868,-0.008358
0.1634,0.014826
0.1389,0.022281
0.1225,0.008715
0.0993,0.027867
0.0846,0.013104
0.0648,0.027972
0.0478,0.025662
0.0382,0.012138
0.0273,0.017157
-0.0435,0.157815
0.049,-0.20454
0.0947,-0.115857
0.1269,-0.094269
0.1698,-0.125748
0.2075,-0.122745
0.2288,-0.092778
0.2537,-0.105567
0.2659,-0.081459
0.2772,-0.081942
0.2803,-0.065373
0.2781,-0.053781
0.2687,-0.036687
0.2588,-0.033558
0.2397,-0.010227
0.2161,0.004179
0.1985,-0.004725
0.1709,0.022071
0.152,0.00777
0.124,0.03276
0.106,0.01554
0.0808,0.035952
0.0582,0.035238
0.045,0.01827
0.0288,0.027972
0.0165,0.022365
0.0107,0.009933
0.0057,0.009303
0.0047,0.001113
0.0435,-0.090615
0.0523,-0.029463
0.1186,-0.164136
0.1929,-0.196539
0.2391,-0.147231
0.2979,-0.186039
0.3303,-0.137403
0.3669,-0.153909
0.3898,-0.129948
0.3973,-0.099183
0.3971,-0.082971
0.39,-0.06699
0.3702,-0.036162
0.3404,-0.008904
0.3162,-0.015582
0.2755,0.027615
0.2461,0.010059
0.2008,0.052962
0.1549,0.063861
0.1251,0.036309
0.0971,0.038409
0.0581,0.069699
0.0231,0.068649
0.003,0.04158
0.0233,-0.047523
-0.0085,0.068565
0.0023,-0.023163
0.024,-0.05061
0.0411,-0.044541
0.0675,-0.069615
0.0852,-0.055062
0.1103,-0.075873
0.126,-0.05943
0.1467,-0.074277
0.164,-0.07077
0.1732,-0.055692
0.1831,-0.059241
0.1872,-0.047922
0.1895,-0.044625
0.1875,-0.035175
0.184,-0.03129
0.1758,-0.019698
0.1687,-0.020517
0.1561,-0.006321
0.1466,-0.010836
0.1323,0.002247
-0.161,0.64974
0.1731,-0.737961
0.218,-0.14007
0.2811,-0.191541
0.3301,-0.172221
0.3557,-0.128457
0.3826,-0.136836
0.3934,-0.105294
0.3989,-0.095319
0.3958,-0.076608
0.3821,-0.051471
0.3673,-0.046053
0.3383,-0.010143
0.3149,-0.016989
0.2759,0.023961
0.2478,0.006972
0.2046,0.047754
0.1608,0.058212
0.1323,0.032067
0.0929,0.063231
0.0687,0.036393
0.0369,0.059031
0.0104,0.053466
-0.0038,0.030618
-0.0195,0.037065
-0.0264,0.020034
-0.0316,0.017556
-0.031,0.00525
-0.0276,-0.001344
-0.0187,-0.014763
-0.0105,-0.015015
0.0045,-0.032445
0.1006,-0.222936
0.0876,0.008904
0.1819,-0.236229
0.251,-0.19782
0.3438,-0.267078
0.3967,-0.194397
0.4589,-0.226989
0.5013,-0.194313
0.5183,-0.144543
0.5268,-0.128478
0.5167,-0.087297
0.5006,-0.071316
0.4647,-0.022197
0.4338,-0.026208
0.3801,0.032949
0.3193,0.060627
0.2766,0.031584
0.213,0.08883
0.1746,0.043974
0.1493,0.021777
0.1502,-0.033432
0.1528,-0.037548
0.1572,-0.042252
0.16,-0.03948
0.1634,-0.041454
0.1656,-0.039396
0.1663,-0.036393
0.166,-0.03423
0.1641,-0.030471
0.1619,-0.029379
0.1573,-0.023373
0.1535,-0.024255
0.1467,-0.016527
0.1388,-0.012558
0.133,-0.01575
0.1674,-0.107394
0.1907,-0.088977
0.2736,-0.231546
0.3366,-0.202986
0.4189,-0.260799
0.4843,-0.239043
0.5168,-0.176778
0.5472,-0.178752
0.5563,-0.135933
0.554,-0.11151
0.5338,-0.069678
0.5116,-0.060816
0.4675,-0.005565
0.4318,-0.015708
0.3723,0.046767
0.307,0.07266
0.2621,0.039249
0.1964,0.096726
0.133,0.10521
0.0934,0.063546
0.0409,0.101661
0.0101,0.062559
-0.0282,0.086352
-0.0574,0.073374
-0.0715,0.044625
-0.0842,0.044352
-0.0875,0.025305
-0.0852,0.013062
-0.0793,0.004263
-0.0649,-0.016611
-0.052,-0.01617
0.1349,-0.420819
0.0825,0.092715
0.1615,-0.199815
0.2806,-0.309036
0.3576,-0.236796
0.4562,-0.302862
0.5344,-0.276444
0.5736,-0.202776
0.6111,-0.207081
0.6232,-0.156282
0.6227,-0.129717
0.6014,-0.081564
0.5768,-0.069468
0.5355,-0.025725
0.5606,-0.170436
0.6028,-0.215208
0.6535,-0.243705
0.6765,-0.190365
0.6917,-0.177177
0.6896,-0.140406
0.6698,-0.099078